# Created by Octave 6.2.0, Mon Nov 29 19:20:05 2021 GMT <unknown@DESKTOP-KJD4BP9>
# name: N
# type: scalar
50


# name: i
# type: scalar
50


# name: x1
# type: matrix
# rows: 1
# columns: 50
 0 1.0204081632653061 2.0408163265306123 3.0612244897959187 4.0816326530612246 5.1020408163265305 6.1224489795918373 7.1428571428571432 8.1632653061224492 9.183673469387756 10.204081632653061 11.224489795918368 12.244897959183675 13.26530612244898 14.285714285714286 15.306122448979592 16.326530612244898 17.346938775510203 18.367346938775512 19.387755102040817 20.408163265306122 21.428571428571431 22.448979591836736 23.469387755102041 24.489795918367349 25.510204081632651 26.530612244897959 27.551020408163264 28.571428571428569 29.591836734693878 30.612244897959183 31.632653061224488 32.653061224489797 33.673469387755105 34.693877551020407 35.714285714285715 36.734693877551024 37.755102040816325 38.775510204081634 39.795918367346943 40.816326530612244 41.836734693877553 42.857142857142854 43.877551020408163 44.897959183673471 45.918367346938773 46.938775510204081 47.95918367346939 48.979591836734691 50


# name: x2
# type: matrix
# rows: 1
# columns: 50
 0 0.51020408163265307 1.0204081632653061 1.5306122448979593 2.0408163265306123 2.5510204081632653 3.0612244897959187 3.5714285714285716 4.0816326530612246 4.591836734693878 5.1020408163265305 5.6122448979591839 6.1224489795918373 6.6326530612244898 7.1428571428571432 7.6530612244897958 8.1632653061224492 8.6734693877551017 9.183673469387756 9.6938775510204085 10.204081632653061 10.714285714285715 11.224489795918368 11.73469387755102 12.244897959183675 12.755102040816325 13.26530612244898 13.775510204081632 14.285714285714285 14.795918367346939 15.306122448979592 15.816326530612244 16.326530612244898 16.836734693877553 17.346938775510203 17.857142857142858 18.367346938775512 18.877551020408163 19.387755102040817 19.897959183673471 20.408163265306122 20.918367346938776 21.428571428571427 21.938775510204081 22.448979591836736 22.959183673469386 23.469387755102041 23.979591836734695 24.489795918367346 25


# name: x3
# type: matrix
# rows: 1
# columns: 50
 25 25.510204081632654 26.020408163265305 26.530612244897959 27.040816326530614 27.551020408163264 28.061224489795919 28.571428571428573 29.081632653061224 29.591836734693878 30.102040816326529 30.612244897959183 31.122448979591837 31.632653061224488 32.142857142857146 32.653061224489797 33.163265306122447 33.673469387755105 34.183673469387756 34.693877551020407 35.204081632653057 35.714285714285715 36.224489795918366 36.734693877551024 37.244897959183675 37.755102040816325 38.265306122448976 38.775510204081634 39.285714285714285 39.795918367346943 40.306122448979593 40.816326530612244 41.326530612244895 41.836734693877553 42.346938775510203 42.857142857142854 43.367346938775512 43.877551020408163 44.387755102040813 44.897959183673471 45.408163265306122 45.918367346938773 46.428571428571431 46.938775510204081 47.448979591836732 47.95918367346939 48.469387755102041 48.979591836734691 49.489795918367349 50


# name: x4
# type: matrix
# rows: 1
# columns: 2
 50 0


# name: x5
# type: matrix
# rows: 1
# columns: 2
 50 25


# name: x6
# type: matrix
# rows: 1
# columns: 2
 0 25


# name: y1
# type: matrix
# rows: 1
# columns: 50
 0 0 0 0 0 0 0 0 0 0 0 0 0 0 0 0 0 0 0 0 0 0 0 0 0 0 0 0 0 0 0 0 0 0 0 0 0 0 0 0 0 0 0 0 0 0 0 0 0 0


# name: y2
# type: matrix
# rows: 1
# columns: 50
 0 1.0204081632653061 2.0408163265306123 3.0612244897959187 4.0816326530612246 5.1020408163265305 6.1224489795918373 7.1428571428571432 8.1632653061224492 9.183673469387756 10.204081632653061 11.224489795918368 12.244897959183675 13.26530612244898 14.285714285714286 15.306122448979592 16.326530612244898 17.346938775510203 18.367346938775512 19.387755102040817 20.408163265306122 21.428571428571431 22.448979591836736 23.469387755102041 24.489795918367349 25.510204081632651 26.530612244897959 27.551020408163264 28.571428571428569 29.591836734693878 30.612244897959183 31.632653061224488 32.653061224489797 33.673469387755105 34.693877551020407 35.714285714285715 36.734693877551024 37.755102040816325 38.775510204081634 39.795918367346943 40.816326530612244 41.836734693877553 42.857142857142854 43.877551020408163 44.897959183673471 45.918367346938773 46.938775510204081 47.95918367346939 48.979591836734691 50


# name: y3
# type: matrix
# rows: 1
# columns: 50
 50 48.979591836734691 47.95918367346939 46.938775510204081 45.918367346938773 44.897959183673471 43.877551020408163 42.857142857142854 41.836734693877553 40.816326530612244 39.795918367346943 38.775510204081634 37.755102040816325 36.734693877551024 35.714285714285715 34.693877551020407 33.673469387755105 32.653061224489797 31.632653061224488 30.612244897959183 29.591836734693878 28.571428571428569 27.551020408163264 26.530612244897959 25.510204081632651 24.489795918367349 23.469387755102041 22.448979591836736 21.428571428571431 20.408163265306122 19.387755102040817 18.367346938775512 17.346938775510203 16.326530612244898 15.306122448979592 14.285714285714286 13.26530612244898 12.244897959183675 11.224489795918368 10.204081632653061 9.183673469387756 8.1632653061224492 7.1428571428571432 6.1224489795918373 5.1020408163265305 4.0816326530612246 3.0612244897959187 2.0408163265306123 1.0204081632653061 0


# name: y4
# type: matrix
# rows: 1
# columns: 2
 0 0


# name: y5
# type: matrix
# rows: 1
# columns: 2
 0 50


# name: y6
# type: matrix
# rows: 1
# columns: 2
 0 50


